[array([0.137095, 0.562317]), array([0.739027, 0.719252]), array([0.211421, 0.640837, 0.789505]), array([0.213462, 0.298057, 0.264448, 0.360563]), array([0.311614, 0.22962 , 0.127388, 0.980849]), array([0.505867, 0.192728, 0.01281 , 0.69575 , 0.238208]), array([0.549526, 0.177257, 0.588978, 0.969108, 0.404614, 0.361022]), array([0.055862, 0.378117, 0.340334, 0.449862, 0.491418, 0.771065,
       0.168884, 0.970782])]
[array([0.006394, 0.019251]), array([0.998753, 0.057963]), array([0.975213, 0.547548, 0.017331]), array([0.073257, 0.021068, 0.573624, 0.025056]), array([0.039326, 0.875323, 0.917494, 0.93677 ]), array([0.053946, 0.067801, 0.709013, 0.846637, 0.011778]), array([0.019403, 0.883365, 0.308668, 0.390532, 0.014579, 0.703879]), array([0.116824, 0.463187, 0.088387, 0.281603, 0.044372, 0.334394,
       0.028787, 0.609506])]
[array([0.167129, 0.724522]), array([0.868661, 0.995937]), array([0.387719, 0.760476, 0.45202 ]), array([0.348768, 0.491521, 0.414453, 0.271505]), array([0.152397, 0.865019, 0.893083, 0.890029]), array([0.566002, 0.279903, 0.523411, 0.730527, 0.17209 ]), array([0.072865, 0.350233, 0.515085, 0.029091, 0.365974, 0.845134]), array([0.163121, 0.457396, 0.035635, 0.429747, 0.481268, 0.43964 ,
       0.446278, 0.788218])]
[array([0.016007, 0.605447]), array([0.728518, 0.69611 ]), array([0.049613, 0.978013, 0.976174]), array([0.248046, 0.305402, 0.210307, 0.342861]), array([0.022283, 0.065706, 0.891871, 0.948172]), array([0.019569, 0.199363, 0.0048  , 0.829687, 0.004011]), array([0.066115, 0.485528, 0.272001, 0.020815, 0.355857, 0.854939]), array([0.071434, 0.88207 , 0.098568, 0.784342, 0.713216, 0.528971,
       0.274082, 0.860539])]
[array([0.170683, 0.574371]), array([0.741163, 0.724273]), array([0.180847, 0.634711, 0.840486]), array([0.037726, 0.268093, 0.266917, 0.34862 ]), array([0.069592, 0.977511, 0.915373, 0.974416]), array([0.51055 , 0.071191, 0.010887, 0.731474, 0.195301]), array([0.085698, 0.315418, 0.182611, 0.239362, 0.3822  , 0.763591]), array([0.097254, 0.555509, 0.16049 , 0.777258, 0.19924 , 0.996786,
       0.131261, 0.981104])]
[array([0.111927, 0.546706]), array([0.742846, 0.731198]), array([0.390882, 0.772374, 0.863225]), array([0.216615, 0.261028, 0.315294, 0.459247]), array([0.00543 , 0.982643, 0.944234, 0.955094]), array([0.444135, 0.31758 , 0.053996, 0.56976 , 0.269703]), array([0.052021, 0.030975, 0.016056, 0.513715, 0.134219, 0.994896]), array([0.040435, 0.252112, 0.43938 , 0.20862 , 0.702923, 0.112237,
       0.077486, 0.944632])]
[array([0.118049, 0.564769]), array([0.731167, 0.730658]), array([0.173933, 0.705493, 0.957471]), array([0.283608, 0.325148, 0.335689, 0.318342]), array([0.002126, 0.983671, 0.972258, 0.867315]), array([0.448909, 0.011704, 0.001828, 0.568423, 0.170223]), array([0.108699, 0.268864, 0.315232, 0.185149, 0.407486, 0.921928]), array([0.026168, 0.264116, 0.048259, 0.090959, 0.958554, 0.830609,
       0.224689, 0.863215])]